0 1004 
1 973 
2 973 
3 1014 
4 1002 
5 971 
6 973 
7 978 
8 993 
9 1013 
10 992 
11 913 
12 990 
13 995 
14 969 
15 991 
16 969 
17 979 
18 907 
19 997 
20 954 
21 972 
22 934 
23 1013 
24 986 
25 955 
26 1025 
27 961 
28 996 
29 988 
30 1004 
31 1009 
32 962 
33 993 
34 970 
35 981 
36 995 
37 983 
38 958 
39 949 
40 996 
41 946 
42 1018 
43 1009 
44 1004 
45 973 
46 1039 
47 1078 
48 971 
49 1019 
50 946 
51 998 
52 912 
53 1056 
54 1001 
55 1047 
56 1025 
57 968 
58 968 
59 999 
60 999 
61 940 
62 936 
63 1020 
64 974 
65 974 
66 974 
67 938 
68 997 
69 990 
70 993 
71 936 
72 964 
73 990 
74 1040 
75 1020 
76 932 
77 978 
78 969 
79 912 
80 970 
81 958 
82 1026 
83 963 
84 933 
85 973 
86 992 
87 989 
88 987 
89 1008 
90 986 
91 942 
92 1024 
93 1006 
94 954 
95 995 
96 957 
97 969 
98 958 
99 995 
100 939 
101 981 
102 991 
103 955 
104 1019 
105 1037 
106 968 
107 937 
108 934 
109 957 
110 953 
111 950 
112 952 
113 985 
114 982 
115 1000 
116 991 
117 985 
118 981 
119 967 
120 1001 
121 970 
122 968 
123 949 
124 1029 
125 978 
126 1002 
127 1015 
128 922 
129 980 
130 989 
131 986 
132 958 
133 967 
134 993 
135 959 
136 963 
137 992 
138 1003 
139 1008 
140 975 
141 983 
142 908 
143 978 
144 1030 
145 947 
146 1010 
147 919 
148 1040 
149 992 
150 984 
151 1041 
152 963 
153 935 
154 944 
155 937 
156 1040 
157 953 
158 978 
159 948 
160 1019 
161 961 
162 1020 
163 999 
164 1004 
165 994 
166 984 
167 959 
168 1001 
169 951 
170 985 
171 984 
172 991 
173 989 
174 977 
175 1047 
176 967 
177 941 
178 980 
179 1066 
180 969 
181 981 
182 983 
183 974 
184 970 
185 933 
186 965 
187 989 
188 1056 
189 979 
190 961 
191 1022 
192 948 
193 1003 
194 990 
195 1040 
196 993 
197 1016 
198 1008 
199 1009 
200 996 
201 958 
202 981 
203 965 
204 1020 
205 996 
206 946 
207 955 
208 1006 
209 984 
210 993 
211 935 
212 952 
213 1014 
214 950 
215 1017 
216 1008 
217 996 
218 1002 
219 963 
220 1010 
221 980 
222 981 
223 993 
224 1009 
225 962 
226 1000 
227 1054 
228 1024 
229 961 
230 1004 
231 966 
232 995 
233 986 
234 991 
235 973 
236 939 
237 1030 
238 957 
239 974 
240 958 
241 973 
242 966 
243 960 
244 988 
245 1024 
246 930 
247 995 
248 1057 
249 914 
250 946 
251 1025 
252 977 
253 1026 
254 936 
255 933 
256 928 
257 954 
258 1018 
259 1007 
260 970 
261 940 
262 1018 
263 951 
264 984 
265 948 
266 962 
267 1013 
268 950 
269 974 
270 952 
271 978 
272 975 
273 981 
274 1012 
275 953 
276 987 
277 900 
278 982 
279 995 
280 985 
281 948 
282 951 
283 957 
284 1057 
285 1009 
286 958 
287 949 
288 953 
289 980 
290 936 
291 972 
292 1013 
293 975 
294 966 
295 946 
296 975 
297 1006 
298 1012 
299 1027 
300 951 
301 958 
302 940 
303 983 
304 888 
305 953 
306 965 
307 993 
308 976 
309 1014 
310 974 
311 1008 
312 961 
313 976 
314 990 
315 1041 
316 968 
317 969 
318 971 
319 999 
320 944 
321 1014 
322 982 
323 1030 
324 1011 
325 973 
326 973 
327 953 
328 1058 
329 987 
330 973 
331 992 
332 1019 
333 981 
334 979 
335 949 
336 1011 
337 994 
338 988 
339 1014 
340 1005 
341 1041 
342 966 
343 1002 
344 991 
345 944 
346 964 
347 986 
348 989 
349 957 
350 1003 
351 938 
352 962 
353 983 
354 1019 
355 985 
356 960 
357 981 
358 987 
359 1012 
360 958 
361 957 
362 990 
363 972 
364 995 
365 1015 
366 1039 
367 956 
368 1007 
369 1003 
370 954 
371 985 
372 972 
373 985 
374 931 
375 1021 
376 929 
377 1026 
378 931 
379 959 
380 927 
381 1010 
382 1025 
383 942 
384 1012 
385 1000 
386 1015 
387 949 
388 944 
389 982 
390 979 
391 988 
392 981 
393 1001 
394 915 
395 956 
396 980 
397 1044 
398 985 
399 1000 
400 1041 
401 985 
402 951 
403 975 
404 950 
405 965 
406 991 
407 1009 
408 958 
409 982 
410 951 
411 946 
412 950 
413 952 
414 919 
415 1011 
416 995 
417 999 
418 998 
419 991 
420 993 
421 1072 
422 1004 
423 971 
424 1033 
425 1007 
426 1020 
427 997 
428 959 
429 997 
430 973 
431 988 
432 1012 
433 1000 
434 1008 
435 1024 
436 962 
437 1012 
438 973 
439 959 
440 988 
441 978 
442 1013 
443 926 
444 1078 
445 978 
446 955 
447 988 
448 1003 
449 1017 
450 979 
451 995 
452 1006 
453 1021 
454 1014 
455 1009 
456 1009 
457 943 
458 993 
459 899 
460 963 
461 974 
462 957 
463 993 
464 972 
465 886 
466 975 
467 1033 
468 1031 
469 987 
470 967 
471 1011 
472 971 
473 986 
474 945 
475 1004 
476 993 
477 1025 
478 998 
479 1001 
480 989 
481 945 
482 994 
483 945 
484 1025 
485 970 
486 955 
487 1004 
488 992 
489 1006 
490 1002 
491 971 
492 976 
493 966 
494 967 
495 1023 
496 988 
497 1061 
498 958 
499 982 
500 972 
501 990 
502 966 
503 905 
504 989 
505 988 
506 975 
507 1019 
508 993 
509 945 
510 1011 
511 1009 
512 1008 
513 971 
514 988 
515 1024 
516 1020 
517 966 
518 1005 
519 988 
520 991 
521 927 
522 1006 
523 1029 
524 1026 
525 935 
526 1027 
527 1020 
528 977 
529 1035 
530 989 
531 931 
532 1021 
533 1000 
534 1009 
535 959 
536 958 
537 986 
538 1014 
539 950 
540 955 
541 947 
542 1019 
543 956 
544 1005 
545 1017 
546 985 
547 953 
548 1034 
549 1004 
550 932 
551 916 
552 989 
553 960 
554 927 
555 1022 
556 914 
557 978 
558 1010 
559 1019 
560 958 
561 992 
562 959 
563 1016 
564 1031 
565 989 
566 927 
567 963 
568 969 
569 1021 
570 979 
571 990 
572 935 
573 1002 
574 996 
575 978 
576 1041 
577 959 
578 1048 
579 924 
580 987 
581 979 
582 954 
583 933 
584 1016 
585 1006 
586 925 
587 945 
588 1010 
589 903 
590 927 
591 1023 
592 1000 
593 1036 
594 1052 
595 1000 
596 991 
597 958 
598 959 
599 994 
600 980 
601 956 
602 1011 
603 1030 
604 1011 
605 974 
606 968 
607 1002 
608 993 
609 1014 
610 938 
611 978 
612 990 
613 972 
614 977 
615 993 
616 994 
617 1004 
618 979 
619 992 
620 1001 
621 1003 
622 999 
623 929 
624 985 
625 1061 
626 971 
627 1001 
628 967 
629 984 
630 1009 
631 981 
632 1035 
633 1048 
634 1006 
635 1046 
636 1024 
637 1019 
638 997 
639 971 
640 1005 
641 1005 
642 936 
643 913 
644 942 
645 958 
646 898 
647 964 
648 986 
649 938 
650 936 
651 1039 
652 1002 
653 931 
654 968 
655 982 
656 955 
657 983 
658 901 
659 1035 
660 936 
661 968 
662 941 
663 973 
664 1014 
665 976 
666 966 
667 989 
668 975 
669 994 
670 982 
671 953 
672 936 
673 1022 
674 927 
675 930 
676 898 
677 970 
678 980 
679 1008 
680 987 
681 976 
682 982 
683 994 
684 1005 
685 957 
686 970 
687 986 
688 970 
689 944 
690 985 
691 1008 
692 998 
693 1014 
694 926 
695 950 
696 1012 
697 1024 
698 1000 
699 997 
700 1032 
701 946 
702 1045 
703 962 
704 1011 
705 965 
706 989 
707 972 
708 940 
709 907 
710 934 
711 902 
712 990 
713 967 
714 993 
715 1026 
716 1016 
717 966 
718 975 
719 994 
720 990 
721 957 
722 1006 
723 969 
724 910 
725 1003 
726 1026 
727 965 
728 986 
729 985 
730 982 
731 936 
732 1010 
733 982 
734 957 
735 959 
736 1007 
737 928 
738 952 
739 1004 
740 952 
741 984 
742 974 
743 987 
744 1009 
745 1042 
746 985 
747 992 
748 970 
749 1036 
750 918 
751 992 
752 1047 
753 1004 
754 1041 
755 938 
756 980 
757 970 
758 1053 
759 1005 
760 1018 
761 934 
762 977 
763 961 
764 945 
765 968 
766 931 
767 1026 
768 979 
769 992 
770 951 
771 939 
772 955 
773 963 
774 956 
775 1006 
776 997 
777 1006 
778 979 
779 970 
780 990 
781 948 
782 1040 
783 975 
784 990 
785 999 
786 1003 
787 1019 
788 944 
789 978 
790 940 
791 1002 
792 907 
793 996 
794 984 
795 949 
796 1028 
797 923 
798 969 
799 999 
800 947 
801 1015 
802 973 
803 964 
804 954 
805 1008 
806 981 
807 1021 
808 982 
809 963 
810 969 
811 938 
812 975 
813 1011 
814 972 
815 983 
816 1013 
817 991 
818 954 
819 1003 
820 1016 
821 969 
822 991 
823 1019 
824 962 
825 989 
826 999 
827 983 
828 942 
829 964 
830 949 
831 968 
832 952 
833 926 
834 998 
835 919 
836 968 
837 950 
838 986 
839 1007 
840 994 
841 997 
842 977 
843 980 
844 988 
845 973 
846 943 
847 986 
848 997 
849 1014 
850 943 
851 916 
852 938 
853 959 
854 917 
855 1005 
856 1045 
857 1020 
858 989 
859 1002 
860 986 
861 1043 
862 946 
863 964 
864 1012 
865 988 
866 999 
867 970 
868 1020 
869 989 
870 1024 
871 932 
872 1010 
873 941 
874 999 
875 988 
876 939 
877 1011 
878 983 
879 1002 
880 967 
881 897 
882 957 
883 1031 
884 1035 
885 951 
886 956 
887 948 
888 1042 
889 1004 
890 981 
891 954 
892 989 
893 935 
894 1009 
895 1001 
896 913 
897 1007 
898 968 
899 952 
900 1007 
901 1018 
902 1003 
903 992 
904 1009 
905 951 
906 970 
907 985 
908 1000 
909 956 
910 1020 
911 985 
912 929 
913 954 
914 946 
915 954 
916 971 
917 994 
918 1000 
919 1000 
920 984 
921 980 
922 960 
923 977 
924 906 
925 1057 
926 1003 
927 984 
928 934 
929 1035 
930 1002 
931 1026 
932 1038 
933 980 
934 991 
935 1020 
936 1005 
937 999 
938 1060 
939 953 
940 968 
941 1021 
942 990 
943 914 
944 1081 
945 1062 
946 956 
947 973 
948 995 
949 938 
950 1023 
951 974 
952 930 
953 958 
954 999 
955 962 
956 990 
957 1001 
958 987 
959 954 
960 958 
961 1013 
962 936 
963 964 
964 963 
965 1009 
966 907 
967 1007 
968 990 
969 951 
970 984 
971 983 
972 991 
973 984 
974 939 
975 977 
976 959 
977 956 
978 1044 
979 1015 
980 924 
981 936 
982 1053 
983 949 
984 971 
985 962 
986 994 
987 958 
988 935 
989 997 
990 974 
991 1015 
992 977 
993 1011 
994 950 
995 1013 
996 953 
997 1018 
998 1001 
999 984 
