0 101 
1 119 
2 111 
3 96 
4 117 
5 121 
6 126 
7 83 
8 106 
9 99 
10 113 
11 114 
12 113 
13 98 
14 104 
15 114 
16 111 
17 117 
18 93 
19 114 
20 101 
21 89 
22 107 
23 101 
24 104 
25 106 
26 124 
27 91 
28 95 
29 108 
30 118 
31 115 
32 105 
33 107 
34 101 
35 121 
36 117 
37 123 
38 98 
39 113 
40 97 
41 94 
42 115 
43 106 
44 120 
45 134 
46 97 
47 129 
48 114 
49 104 
50 105 
51 120 
52 110 
53 106 
54 124 
55 137 
56 114 
57 78 
58 111 
59 108 
60 111 
61 121 
62 125 
63 109 
64 95 
65 121 
66 110 
67 121 
68 136 
69 102 
70 117 
71 105 
72 90 
73 117 
74 109 
75 110 
76 123 
77 111 
78 112 
79 83 
80 97 
81 105 
82 116 
83 113 
84 115 
85 93 
86 125 
87 111 
88 107 
89 111 
90 110 
91 114 
92 110 
93 102 
94 114 
95 110 
96 117 
97 96 
98 122 
99 103 
