0 2 
1 1 
2 0 
3 1 
4 1 
5 2 
6 1 
7 0 
8 1 
9 0 
10 0 
11 1 
12 2 
13 1 
14 2 
15 0 
16 0 
17 0 
18 2 
19 2 
20 0 
21 1 
22 2 
23 1 
24 2 
25 2 
26 1 
27 2 
28 1 
29 1 
30 1 
31 2 
32 2 
33 1 
34 1 
35 1 
36 1 
37 0 
38 1 
39 2 
40 1 
41 2 
42 1 
43 0 
44 0 
45 0 
46 1 
47 0 
48 1 
49 1 
50 1 
51 1 
52 0 
53 1 
54 1 
55 0 
56 0 
57 0 
58 2 
59 0 
60 2 
61 1 
62 1 
63 1 
64 0 
65 1 
66 1 
67 2 
68 2 
69 2 
70 1 
71 1 
72 2 
73 2 
74 0 
75 2 
76 2 
77 2 
78 0 
79 2 
80 2 
81 0 
82 2 
83 2 
84 1 
85 2 
86 2 
87 2 
88 1 
89 0 
90 1 
91 0 
92 2 
93 1 
94 2 
95 2 
96 1 
97 1 
98 0 
99 0 
100 2 
101 2 
102 0 
103 0 
104 0 
105 1 
106 2 
107 2 
108 0 
109 0 
110 1 
111 2 
112 1 
113 1 
114 0 
115 2 
116 1 
117 2 
118 2 
119 0 
120 0 
121 0 
122 0 
123 1 
124 2 
125 1 
126 1 
127 1 
128 2 
129 2 
130 2 
131 0 
132 1 
133 2 
134 1 
135 1 
136 1 
137 2 
138 2 
139 1 
140 1 
141 2 
142 2 
143 2 
144 1 
145 2 
146 2 
147 2 
148 0 
149 2 
150 0 
151 1 
152 1 
153 1 
154 1 
155 0 
156 1 
157 0 
158 2 
159 2 
160 0 
161 1 
162 1 
163 2 
164 0 
165 1 
166 1 
167 0 
168 1 
169 2 
170 0 
171 2 
172 1 
173 1 
174 1 
175 2 
176 2 
177 0 
178 2 
179 0 
180 0 
181 1 
182 0 
183 2 
184 1 
185 1 
186 1 
187 1 
188 0 
189 2 
190 0 
191 2 
192 0 
193 1 
194 1 
195 1 
196 2 
197 2 
198 2 
199 2 
200 1 
201 2 
202 2 
203 1 
204 0 
205 1 
206 1 
207 1 
208 1 
209 1 
210 2 
211 0 
212 0 
213 0 
214 0 
215 1 
216 2 
217 1 
218 0 
219 0 
220 2 
221 0 
222 0 
223 0 
224 0 
225 1 
226 0 
227 1 
228 1 
229 1 
230 2 
231 2 
232 2 
233 0 
234 1 
235 1 
236 0 
237 0 
238 1 
239 1 
240 0 
241 1 
242 0 
243 2 
244 0 
245 0 
246 2 
247 2 
248 2 
249 2 
250 1 
251 2 
252 0 
253 1 
254 1 
255 1 
256 1 
257 0 
258 1 
259 1 
260 1 
261 0 
262 0 
263 2 
264 2 
265 2 
266 0 
267 1 
268 1 
269 1 
270 1 
271 1 
272 1 
273 0 
274 1 
275 0 
276 1 
277 0 
278 1 
279 2 
280 1 
281 2 
282 0 
283 1 
284 0 
285 2 
286 0 
287 2 
288 2 
289 1 
290 2 
291 1 
292 0 
293 1 
294 0 
295 2 
296 2 
297 0 
298 1 
299 1 
300 1 
301 2 
302 2 
303 1 
304 2 
305 0 
306 2 
307 2 
308 1 
309 0 
310 2 
311 1 
312 2 
313 1 
314 0 
315 0 
316 1 
317 1 
318 2 
319 1 
320 0 
321 0 
322 0 
323 1 
324 2 
325 0 
326 1 
327 1 
328 2 
329 2 
330 2 
331 1 
332 1 
333 2 
334 0 
335 2 
336 2 
337 1 
338 0 
339 2 
340 2 
341 0 
342 1 
343 1 
344 1 
345 1 
346 1 
347 0 
348 1 
349 0 
350 2 
351 1 
352 1 
353 2 
354 2 
355 1 
356 1 
357 0 
358 2 
359 2 
360 1 
361 2 
362 2 
363 0 
364 0 
365 2 
366 2 
367 1 
368 1 
369 2 
370 2 
371 2 
372 2 
373 0 
374 0 
375 2 
376 0 
377 1 
378 2 
379 1 
380 2 
381 0 
382 1 
383 0 
384 0 
385 1 
386 2 
387 1 
388 0 
389 2 
390 0 
391 2 
392 2 
393 2 
394 1 
395 2 
396 0 
397 1 
398 2 
399 1 
400 0 
401 2 
402 2 
403 0 
404 2 
405 2 
406 1 
407 0 
408 2 
409 0 
410 0 
411 2 
412 0 
413 0 
414 0 
415 2 
416 1 
417 2 
418 1 
419 0 
420 2 
421 0 
422 0 
423 1 
424 1 
425 0 
426 2 
427 2 
428 1 
429 0 
430 1 
431 0 
432 1 
433 1 
434 1 
435 2 
436 2 
437 2 
438 0 
439 1 
440 2 
441 1 
442 2 
443 1 
444 2 
445 1 
446 2 
447 1 
448 2 
449 1 
450 0 
451 0 
452 2 
453 2 
454 0 
455 2 
456 2 
457 0 
458 1 
459 0 
460 2 
461 0 
462 1 
463 2 
464 1 
465 2 
466 1 
467 2 
468 2 
469 1 
470 1 
471 1 
472 1 
473 2 
474 0 
475 0 
476 2 
477 0 
478 0 
479 1 
480 2 
481 0 
482 1 
483 1 
484 1 
485 0 
486 0 
487 0 
488 1 
489 2 
490 1 
491 1 
492 1 
493 0 
494 0 
495 0 
496 1 
497 2 
498 2 
499 0 
500 2 
501 2 
502 1 
503 2 
504 0 
505 2 
506 2 
507 1 
508 0 
509 0 
510 2 
511 1 
512 0 
513 2 
514 1 
515 0 
516 0 
517 1 
518 2 
519 2 
520 0 
521 2 
522 2 
523 1 
524 2 
525 2 
526 1 
527 0 
528 0 
529 2 
530 0 
531 1 
532 1 
533 1 
534 2 
535 0 
536 1 
537 2 
538 2 
539 1 
540 1 
541 1 
542 0 
543 2 
544 0 
545 2 
546 2 
547 0 
548 0 
549 1 
550 2 
551 2 
552 1 
553 1 
554 0 
555 0 
556 2 
557 2 
558 1 
559 1 
560 1 
561 1 
562 1 
563 1 
564 0 
565 1 
566 1 
567 1 
568 2 
569 1 
570 2 
571 1 
572 2 
573 2 
574 1 
575 0 
576 2 
577 0 
578 0 
579 0 
580 2 
581 2 
582 2 
583 1 
584 0 
585 0 
586 1 
587 1 
588 2 
589 2 
590 1 
591 1 
592 2 
593 0 
594 0 
595 1 
596 2 
597 0 
598 2 
599 1 
600 1 
601 0 
602 2 
603 1 
604 0 
605 1 
606 0 
607 0 
608 1 
609 0 
610 2 
611 2 
612 1 
613 2 
614 2 
615 2 
616 2 
617 1 
618 1 
619 2 
620 0 
621 2 
622 0 
623 1 
624 1 
625 0 
626 0 
627 0 
628 2 
629 1 
630 2 
631 0 
632 1 
633 0 
634 2 
635 1 
636 2 
637 0 
638 2 
639 0 
640 2 
641 1 
642 2 
643 0 
644 1 
645 2 
646 2 
647 2 
648 1 
649 0 
650 1 
651 0 
652 1 
653 1 
654 0 
655 0 
656 0 
657 0 
658 0 
659 1 
660 0 
661 2 
662 0 
663 1 
664 0 
665 2 
666 1 
667 2 
668 2 
669 0 
670 1 
671 0 
672 1 
673 2 
674 0 
675 1 
676 1 
677 1 
678 2 
679 1 
680 2 
681 2 
682 2 
683 1 
684 0 
685 1 
686 1 
687 2 
688 2 
689 0 
690 1 
691 0 
692 1 
693 1 
694 2 
695 1 
696 0 
697 0 
698 1 
699 1 
700 0 
701 2 
702 2 
703 2 
704 0 
705 1 
706 0 
707 0 
708 1 
709 1 
710 1 
711 0 
712 1 
713 0 
714 0 
715 0 
716 1 
717 0 
718 0 
719 2 
720 1 
721 0 
722 0 
723 0 
724 2 
725 0 
726 0 
727 0 
728 2 
729 0 
730 2 
731 1 
732 2 
733 0 
734 0 
735 2 
736 1 
737 2 
738 0 
739 2 
740 0 
741 0 
742 0 
743 0 
744 0 
745 2 
746 1 
747 2 
748 1 
749 1 
750 1 
751 0 
752 2 
753 2 
754 1 
755 2 
756 2 
757 0 
758 0 
759 0 
760 1 
761 1 
762 2 
763 0 
764 0 
765 1 
766 2 
767 1 
768 0 
769 0 
770 1 
771 0 
772 0 
773 2 
774 1 
775 0 
776 0 
777 0 
778 2 
779 0 
780 1 
781 1 
782 1 
783 2 
784 0 
785 0 
786 2 
787 1 
788 0 
789 1 
790 1 
791 1 
792 2 
793 1 
794 1 
795 2 
796 0 
797 2 
798 0 
799 1 
800 0 
801 2 
802 2 
803 2 
804 2 
805 2 
806 1 
807 1 
808 0 
809 1 
810 1 
811 2 
812 1 
813 0 
814 2 
815 2 
816 2 
817 2 
818 0 
819 2 
820 1 
821 1 
822 2 
823 2 
824 2 
825 0 
826 1 
827 1 
828 1 
829 1 
830 1 
831 0 
832 2 
833 0 
834 0 
835 2 
836 2 
837 0 
838 2 
839 1 
840 0 
841 1 
842 2 
843 2 
844 1 
845 0 
846 0 
847 2 
848 1 
849 0 
850 0 
851 1 
852 2 
853 0 
854 2 
855 0 
856 1 
857 0 
858 0 
859 0 
860 2 
861 1 
862 1 
863 1 
864 0 
865 0 
866 0 
867 2 
868 0 
869 0 
870 0 
871 2 
872 1 
873 0 
874 2 
875 2 
876 1 
877 2 
878 1 
879 0 
880 1 
881 1 
882 1 
883 0 
884 1 
885 0 
886 1 
887 2 
888 2 
889 0 
890 2 
891 1 
892 2 
893 2 
894 0 
895 2 
896 0 
897 1 
898 2 
899 1 
900 0 
901 1 
902 1 
903 1 
904 1 
905 1 
906 0 
907 2 
908 0 
909 1 
910 1 
911 2 
912 0 
913 0 
914 1 
915 2 
916 1 
917 0 
918 1 
919 1 
920 2 
921 0 
922 0 
923 1 
924 2 
925 2 
926 1 
927 0 
928 1 
929 0 
930 0 
931 2 
932 2 
933 1 
934 1 
935 1 
936 0 
937 0 
938 2 
939 1 
940 2 
941 2 
942 2 
943 0 
944 2 
945 2 
946 0 
947 0 
948 1 
949 1 
950 1 
951 0 
952 1 
953 0 
954 2 
955 2 
956 0 
957 0 
958 0 
959 1 
960 2 
961 1 
962 1 
963 2 
964 2 
965 2 
966 2 
967 0 
968 1 
969 1 
970 1 
971 2 
972 1 
973 1 
974 1 
975 1 
976 2 
977 2 
978 1 
979 0 
980 2 
981 0 
982 0 
983 0 
984 0 
985 1 
986 0 
987 2 
988 1 
989 2 
990 2 
991 2 
992 0 
993 0 
994 0 
995 1 
996 2 
997 0 
998 0 
999 0 
